2022/04/08-21:27:43.963005 3807f40 RocksDB version: 6.0.2
2022/04/08-21:27:43.963105 3807f40 Git sha rocksdb_build_git_sha:@0@
2022/04/08-21:27:43.963111 3807f40 Compile date Feb  1 2021
2022/04/08-21:27:43.963120 3807f40 DB SUMMARY
2022/04/08-21:27:43.963199 3807f40 CURRENT file:  CURRENT
2022/04/08-21:27:43.963204 3807f40 IDENTITY file:  IDENTITY
2022/04/08-21:27:43.963220 3807f40 MANIFEST file:  MANIFEST-000011 size: 326 Bytes
2022/04/08-21:27:43.963225 3807f40 SST files in data//group1/block/RocksDB dir, Total Num: 2, files: 000004.sst 000007.sst 
2022/04/08-21:27:43.963230 3807f40 Write Ahead Log file in data//group1/block/RocksDB: 000012.log size: 19386 ; 
2022/04/08-21:27:43.963236 3807f40                         Options.error_if_exists: 0
2022/04/08-21:27:43.963240 3807f40                       Options.create_if_missing: 1
2022/04/08-21:27:43.963244 3807f40                         Options.paranoid_checks: 1
2022/04/08-21:27:43.963248 3807f40                                     Options.env: 0x225a440
2022/04/08-21:27:43.963252 3807f40                                Options.info_log: 0x4293e00
2022/04/08-21:27:43.963255 3807f40                Options.max_file_opening_threads: 16
2022/04/08-21:27:43.963259 3807f40                              Options.statistics: (nil)
2022/04/08-21:27:43.963264 3807f40                               Options.use_fsync: 0
2022/04/08-21:27:43.963267 3807f40                       Options.max_log_file_size: 0
2022/04/08-21:27:43.963271 3807f40                  Options.max_manifest_file_size: 1073741824
2022/04/08-21:27:43.963275 3807f40                   Options.log_file_time_to_roll: 0
2022/04/08-21:27:43.963279 3807f40                       Options.keep_log_file_num: 1000
2022/04/08-21:27:43.963282 3807f40                    Options.recycle_log_file_num: 0
2022/04/08-21:27:43.963286 3807f40                         Options.allow_fallocate: 1
2022/04/08-21:27:43.963290 3807f40                        Options.allow_mmap_reads: 0
2022/04/08-21:27:43.963293 3807f40                       Options.allow_mmap_writes: 0
2022/04/08-21:27:43.963297 3807f40                        Options.use_direct_reads: 0
2022/04/08-21:27:43.963300 3807f40                        Options.use_direct_io_for_flush_and_compaction: 0
2022/04/08-21:27:43.963304 3807f40          Options.create_missing_column_families: 0
2022/04/08-21:27:43.963307 3807f40                              Options.db_log_dir: 
2022/04/08-21:27:43.963311 3807f40                                 Options.wal_dir: data//group1/block/RocksDB
2022/04/08-21:27:43.963314 3807f40                Options.table_cache_numshardbits: 6
2022/04/08-21:27:43.963318 3807f40                      Options.max_subcompactions: 1
2022/04/08-21:27:43.963322 3807f40                  Options.max_background_flushes: -1
2022/04/08-21:27:43.963325 3807f40                         Options.WAL_ttl_seconds: 0
2022/04/08-21:27:43.963329 3807f40                       Options.WAL_size_limit_MB: 0
2022/04/08-21:27:43.963332 3807f40             Options.manifest_preallocation_size: 4194304
2022/04/08-21:27:43.963336 3807f40                     Options.is_fd_close_on_exec: 1
2022/04/08-21:27:43.963340 3807f40                   Options.advise_random_on_open: 1
2022/04/08-21:27:43.963344 3807f40                    Options.db_write_buffer_size: 0
2022/04/08-21:27:43.963347 3807f40                    Options.write_buffer_manager: 0x40a7ef0
2022/04/08-21:27:43.963351 3807f40         Options.access_hint_on_compaction_start: 1
2022/04/08-21:27:43.963355 3807f40  Options.new_table_reader_for_compaction_inputs: 0
2022/04/08-21:27:43.963358 3807f40           Options.random_access_max_buffer_size: 1048576
2022/04/08-21:27:43.963362 3807f40                      Options.use_adaptive_mutex: 0
2022/04/08-21:27:43.963365 3807f40                            Options.rate_limiter: (nil)
2022/04/08-21:27:43.963369 3807f40     Options.sst_file_manager.rate_bytes_per_sec: 0
2022/04/08-21:27:43.963373 3807f40                       Options.wal_recovery_mode: 2
2022/04/08-21:27:43.963376 3807f40                  Options.enable_thread_tracking: 0
2022/04/08-21:27:43.963380 3807f40                  Options.enable_pipelined_write: 0
2022/04/08-21:27:43.963401 3807f40         Options.allow_concurrent_memtable_write: 1
2022/04/08-21:27:43.963405 3807f40      Options.enable_write_thread_adaptive_yield: 1
2022/04/08-21:27:43.963409 3807f40             Options.write_thread_max_yield_usec: 100
2022/04/08-21:27:43.963412 3807f40            Options.write_thread_slow_yield_usec: 3
2022/04/08-21:27:43.963416 3807f40                               Options.row_cache: None
2022/04/08-21:27:43.963420 3807f40                              Options.wal_filter: None
2022/04/08-21:27:43.963423 3807f40             Options.avoid_flush_during_recovery: 0
2022/04/08-21:27:43.963427 3807f40             Options.allow_ingest_behind: 0
2022/04/08-21:27:43.963431 3807f40             Options.preserve_deletes: 0
2022/04/08-21:27:43.963434 3807f40             Options.two_write_queues: 0
2022/04/08-21:27:43.963438 3807f40             Options.manual_wal_flush: 0
2022/04/08-21:27:43.963442 3807f40             Options.max_background_jobs: 2
2022/04/08-21:27:43.963445 3807f40             Options.max_background_compactions: -1
2022/04/08-21:27:43.963449 3807f40             Options.avoid_flush_during_shutdown: 0
2022/04/08-21:27:43.963453 3807f40           Options.writable_file_max_buffer_size: 1048576
2022/04/08-21:27:43.963457 3807f40             Options.delayed_write_rate : 16777216
2022/04/08-21:27:43.963461 3807f40             Options.max_total_wal_size: 0
2022/04/08-21:27:43.963465 3807f40             Options.delete_obsolete_files_period_micros: 21600000000
2022/04/08-21:27:43.963468 3807f40                   Options.stats_dump_period_sec: 600
2022/04/08-21:27:43.963472 3807f40                 Options.stats_persist_period_sec: 600
2022/04/08-21:27:43.963476 3807f40                 Options.stats_history_buffer_size: 1048576
2022/04/08-21:27:43.963480 3807f40                          Options.max_open_files: 200
2022/04/08-21:27:43.963484 3807f40                          Options.bytes_per_sync: 0
2022/04/08-21:27:43.963488 3807f40                      Options.wal_bytes_per_sync: 0
2022/04/08-21:27:43.963491 3807f40       Options.compaction_readahead_size: 0
2022/04/08-21:27:43.963495 3807f40 Compression algorithms supported:
2022/04/08-21:27:43.963499 3807f40 	kZSTDNotFinalCompression supported: 0
2022/04/08-21:27:43.963503 3807f40 	kZSTD supported: 0
2022/04/08-21:27:43.963507 3807f40 	kXpressCompression supported: 0
2022/04/08-21:27:43.963511 3807f40 	kLZ4HCCompression supported: 0
2022/04/08-21:27:43.963515 3807f40 	kLZ4Compression supported: 0
2022/04/08-21:27:43.963519 3807f40 	kBZip2Compression supported: 0
2022/04/08-21:27:43.963523 3807f40 	kZlibCompression supported: 0
2022/04/08-21:27:43.963527 3807f40 	kSnappyCompression supported: 1
2022/04/08-21:27:43.963532 3807f40 Fast CRC32 supported: Supported on x86
2022/04/08-21:27:43.963992 3807f40 [db/version_set.cc:3517] Recovering from manifest file: MANIFEST-000011
2022/04/08-21:27:43.964247 3807f40 [db/column_family.cc:470] --------------- Options for column family [default]:
2022/04/08-21:27:43.964252 3807f40               Options.comparator: leveldb.BytewiseComparator
2022/04/08-21:27:43.964256 3807f40           Options.merge_operator: None
2022/04/08-21:27:43.964260 3807f40        Options.compaction_filter: None
2022/04/08-21:27:43.964264 3807f40        Options.compaction_filter_factory: None
2022/04/08-21:27:43.964267 3807f40         Options.memtable_factory: SkipListFactory
2022/04/08-21:27:43.964272 3807f40            Options.table_factory: BlockBasedTable
2022/04/08-21:27:43.964335 3807f40            table_factory options:   flush_block_policy_factory: FlushBlockBySizePolicyFactory (0x404c618)
  cache_index_and_filter_blocks: 0
  cache_index_and_filter_blocks_with_high_priority: 0
  pin_l0_filter_and_index_blocks_in_cache: 0
  pin_top_level_index_and_filter: 1
  index_type: 0
  hash_index_allow_collision: 1
  checksum: 1
  no_block_cache: 0
  block_cache: 0x40a4e90
  block_cache_name: LRUCache
  block_cache_options:
    capacity : 8388608
    num_shard_bits : 4
    strict_capacity_limit : 0
    memory_allocator : None
    high_pri_pool_ratio: 0.000
  block_cache_compressed: (nil)
  persistent_cache: (nil)
  block_size: 4096
  block_size_deviation: 10
  block_restart_interval: 16
  index_block_restart_interval: 1
  metadata_block_size: 4096
  partition_filters: 0
  use_delta_encoding: 1
  filter_policy: nullptr
  whole_key_filtering: 1
  verify_compression: 0
  read_amp_bytes_per_bit: 0
  format_version: 2
  enable_index_compression: 1
  block_align: 0
2022/04/08-21:27:43.964377 3807f40        Options.write_buffer_size: 67108864
2022/04/08-21:27:43.964381 3807f40  Options.max_write_buffer_number: 2
2022/04/08-21:27:43.964386 3807f40          Options.compression: Snappy
2022/04/08-21:27:43.964389 3807f40                  Options.bottommost_compression: Disabled
2022/04/08-21:27:43.964393 3807f40       Options.prefix_extractor: nullptr
2022/04/08-21:27:43.964397 3807f40   Options.memtable_insert_with_hint_prefix_extractor: nullptr
2022/04/08-21:27:43.964401 3807f40             Options.num_levels: 7
2022/04/08-21:27:43.964405 3807f40        Options.min_write_buffer_number_to_merge: 1
2022/04/08-21:27:43.964409 3807f40     Options.max_write_buffer_number_to_maintain: 0
2022/04/08-21:27:43.964413 3807f40            Options.bottommost_compression_opts.window_bits: -14
2022/04/08-21:27:43.964417 3807f40                  Options.bottommost_compression_opts.level: 32767
2022/04/08-21:27:43.964421 3807f40               Options.bottommost_compression_opts.strategy: 0
2022/04/08-21:27:43.964424 3807f40         Options.bottommost_compression_opts.max_dict_bytes: 0
2022/04/08-21:27:43.964428 3807f40         Options.bottommost_compression_opts.zstd_max_train_bytes: 0
2022/04/08-21:27:43.964431 3807f40                  Options.bottommost_compression_opts.enabled: false
2022/04/08-21:27:43.964435 3807f40            Options.compression_opts.window_bits: -14
2022/04/08-21:27:43.964438 3807f40                  Options.compression_opts.level: 32767
2022/04/08-21:27:43.964441 3807f40               Options.compression_opts.strategy: 0
2022/04/08-21:27:43.964445 3807f40         Options.compression_opts.max_dict_bytes: 0
2022/04/08-21:27:43.964448 3807f40         Options.compression_opts.zstd_max_train_bytes: 0
2022/04/08-21:27:43.964452 3807f40                  Options.compression_opts.enabled: false
2022/04/08-21:27:43.964456 3807f40      Options.level0_file_num_compaction_trigger: 4
2022/04/08-21:27:43.964459 3807f40          Options.level0_slowdown_writes_trigger: 20
2022/04/08-21:27:43.964463 3807f40              Options.level0_stop_writes_trigger: 36
2022/04/08-21:27:43.964467 3807f40                   Options.target_file_size_base: 67108864
2022/04/08-21:27:43.964471 3807f40             Options.target_file_size_multiplier: 1
2022/04/08-21:27:43.964475 3807f40                Options.max_bytes_for_level_base: 268435456
2022/04/08-21:27:43.964478 3807f40 Options.level_compaction_dynamic_level_bytes: 0
2022/04/08-21:27:43.964481 3807f40          Options.max_bytes_for_level_multiplier: 10.000000
2022/04/08-21:27:43.964488 3807f40 Options.max_bytes_for_level_multiplier_addtl[0]: 1
2022/04/08-21:27:43.964492 3807f40 Options.max_bytes_for_level_multiplier_addtl[1]: 1
2022/04/08-21:27:43.964496 3807f40 Options.max_bytes_for_level_multiplier_addtl[2]: 1
2022/04/08-21:27:43.964499 3807f40 Options.max_bytes_for_level_multiplier_addtl[3]: 1
2022/04/08-21:27:43.964502 3807f40 Options.max_bytes_for_level_multiplier_addtl[4]: 1
2022/04/08-21:27:43.964506 3807f40 Options.max_bytes_for_level_multiplier_addtl[5]: 1
2022/04/08-21:27:43.964510 3807f40 Options.max_bytes_for_level_multiplier_addtl[6]: 1
2022/04/08-21:27:43.964513 3807f40       Options.max_sequential_skip_in_iterations: 8
2022/04/08-21:27:43.964516 3807f40                    Options.max_compaction_bytes: 1677721600
2022/04/08-21:27:43.964520 3807f40                        Options.arena_block_size: 8388608
2022/04/08-21:27:43.964524 3807f40   Options.soft_pending_compaction_bytes_limit: 68719476736
2022/04/08-21:27:43.964528 3807f40   Options.hard_pending_compaction_bytes_limit: 274877906944
2022/04/08-21:27:43.964544 3807f40       Options.rate_limit_delay_max_milliseconds: 100
2022/04/08-21:27:43.964548 3807f40                Options.disable_auto_compactions: 0
2022/04/08-21:27:43.964553 3807f40                        Options.compaction_style: kCompactionStyleLevel
2022/04/08-21:27:43.964558 3807f40                          Options.compaction_pri: kMinOverlappingRatio
2022/04/08-21:27:43.964561 3807f40 Options.compaction_options_universal.size_ratio: 1
2022/04/08-21:27:43.964565 3807f40 Options.compaction_options_universal.min_merge_width: 2
2022/04/08-21:27:43.964569 3807f40 Options.compaction_options_universal.max_merge_width: 4294967295
2022/04/08-21:27:43.964573 3807f40 Options.compaction_options_universal.max_size_amplification_percent: 200
2022/04/08-21:27:43.964577 3807f40 Options.compaction_options_universal.compression_size_percent: -1
2022/04/08-21:27:43.964581 3807f40 Options.compaction_options_universal.stop_style: kCompactionStopStyleTotalSize
2022/04/08-21:27:43.964585 3807f40 Options.compaction_options_fifo.max_table_files_size: 1073741824
2022/04/08-21:27:43.964589 3807f40 Options.compaction_options_fifo.allow_compaction: 0
2022/04/08-21:27:43.964593 3807f40                   Options.table_properties_collectors: 
2022/04/08-21:27:43.964597 3807f40                   Options.inplace_update_support: 0
2022/04/08-21:27:43.964601 3807f40                 Options.inplace_update_num_locks: 10000
2022/04/08-21:27:43.964605 3807f40               Options.memtable_prefix_bloom_size_ratio: 0.000000
2022/04/08-21:27:43.964609 3807f40               Options.memtable_whole_key_filtering: 0
2022/04/08-21:27:43.964613 3807f40   Options.memtable_huge_page_size: 0
2022/04/08-21:27:43.964617 3807f40                           Options.bloom_locality: 0
2022/04/08-21:27:43.964620 3807f40                    Options.max_successive_merges: 0
2022/04/08-21:27:43.964624 3807f40                Options.optimize_filters_for_hits: 0
2022/04/08-21:27:43.964627 3807f40                Options.paranoid_file_checks: 0
2022/04/08-21:27:43.964631 3807f40                Options.force_consistency_checks: 0
2022/04/08-21:27:43.964635 3807f40                Options.report_bg_io_stats: 0
2022/04/08-21:27:43.964638 3807f40                               Options.ttl: 0
2022/04/08-21:27:43.978296 3807f40 [db/version_set.cc:3731] Recovered from manifest file:data//group1/block/RocksDB/MANIFEST-000011 succeeded,manifest_file_number is 11, next_file_number is 13, last_sequence is 438, log_number is 0,prev_log_number is 0,max_column_family is 0,min_log_number_to_keep is 0
2022/04/08-21:27:43.978306 3807f40 [db/version_set.cc:3739] Column family [default] (ID 0), log number is 10
2022/04/08-21:27:43.978399 3807f40 EVENT_LOG_v1 {"time_micros": 1649424463978395, "job": 1, "event": "recovery_started", "log_files": [12]}
2022/04/08-21:27:43.978405 3807f40 [db/db_impl_open.cc:583] Recovering log #12 mode 2
2022/04/08-21:27:43.980640 3807f40 EVENT_LOG_v1 {"time_micros": 1649424463980630, "cf_name": "default", "job": 1, "event": "table_file_creation", "file_number": 13, "file_size": 7541, "table_properties": {"data_size": 6815, "index_size": 141, "filter_size": 0, "raw_key_size": 1053, "raw_average_key_size": 65, "raw_value_size": 17331, "raw_average_value_size": 1083, "num_data_blocks": 4, "num_entries": 16, "filter_policy_name": ""}}
2022/04/08-21:27:43.980693 3807f40 [db/version_set.cc:3034] Creating manifest 14
2022/04/08-21:27:43.985902 3807f40 EVENT_LOG_v1 {"time_micros": 1649424463985845, "job": 1, "event": "recovery_finished"}
2022/04/08-21:27:43.992815 3807f40 DB pointer 0x4253200
2022/04/08-21:27:43.993068 7fb8aca5d700 [db/db_impl.cc:776] ------- DUMPING STATS -------
2022/04/08-21:27:43.993100 7fb8aca5d700 [db/db_impl.cc:777] 
** DB Stats **
Uptime(secs): 0.0 total, 0.0 interval
Cumulative writes: 0 writes, 0 keys, 0 commit groups, 0.0 writes per commit group, ingest: 0.00 GB, 0.00 MB/s
Cumulative WAL: 0 writes, 0 syncs, 0.00 writes per sync, written: 0.00 GB, 0.00 MB/s
Cumulative stall: 00:00:0.000 H:M:S, 0.0 percent
Interval writes: 0 writes, 0 keys, 0 commit groups, 0.0 writes per commit group, ingest: 0.00 MB, 0.00 MB/s
Interval WAL: 0 writes, 0 syncs, 0.00 writes per sync, written: 0.00 MB, 0.00 MB/s
Interval stall: 00:00:0.000 H:M:S, 0.0 percent

** Compaction Stats [default] **
Level    Files   Size     Score Read(GB)  Rn(GB) Rnp1(GB) Write(GB) Wnew(GB) Moved(GB) W-Amp Rd(MB/s) Wr(MB/s) Comp(sec) CompMergeCPU(sec) Comp(cnt) Avg(sec) KeyIn KeyDrop
----------------------------------------------------------------------------------------------------------------------------------------------------------------------------
  L0      3/0   109.86 KB   0.8      0.0     0.0      0.0       0.0      0.0       0.0   1.0      0.0      4.0      0.00              0.00         1    0.002       0      0
 Sum      3/0   109.86 KB   0.0      0.0     0.0      0.0       0.0      0.0       0.0   1.0      0.0      4.0      0.00              0.00         1    0.002       0      0
 Int      0/0    0.00 KB   0.0      0.0     0.0      0.0       0.0      0.0       0.0   1.0      0.0      4.0      0.00              0.00         1    0.002       0      0
Uptime(secs): 0.0 total, 0.0 interval
Flush(GB): cumulative 0.000, interval 0.000
AddFile(GB): cumulative 0.000, interval 0.000
AddFile(Total Files): cumulative 0, interval 0
AddFile(L0 Files): cumulative 0, interval 0
AddFile(Keys): cumulative 0, interval 0
Cumulative compaction: 0.00 GB write, 0.25 MB/s write, 0.00 GB read, 0.00 MB/s read, 0.0 seconds
Interval compaction: 0.00 GB write, 0.25 MB/s write, 0.00 GB read, 0.00 MB/s read, 0.0 seconds
Stalls(count): 0 level0_slowdown, 0 level0_slowdown_with_compaction, 0 level0_numfiles, 0 level0_numfiles_with_compaction, 0 stop for pending_compaction_bytes, 0 slowdown for pending_compaction_bytes, 0 memtable_compaction, 0 memtable_slowdown, interval 0 total count

** File Read Latency Histogram By Level [default] **

** Compaction Stats [default] **
Level    Files   Size     Score Read(GB)  Rn(GB) Rnp1(GB) Write(GB) Wnew(GB) Moved(GB) W-Amp Rd(MB/s) Wr(MB/s) Comp(sec) CompMergeCPU(sec) Comp(cnt) Avg(sec) KeyIn KeyDrop
----------------------------------------------------------------------------------------------------------------------------------------------------------------------------
  L0      3/0   109.86 KB   0.8      0.0     0.0      0.0       0.0      0.0       0.0   1.0      0.0      4.0      0.00              0.00         1    0.002       0      0
 Sum      3/0   109.86 KB   0.0      0.0     0.0      0.0       0.0      0.0       0.0   1.0      0.0      4.0      0.00              0.00         1    0.002       0      0
 Int      0/0    0.00 KB   0.0      0.0     0.0      0.0       0.0      0.0       0.0   0.0      0.0      0.0      0.00              0.00         0    0.000       0      0
Uptime(secs): 0.0 total, 0.0 interval
Flush(GB): cumulative 0.000, interval 0.000
AddFile(GB): cumulative 0.000, interval 0.000
AddFile(Total Files): cumulative 0, interval 0
AddFile(L0 Files): cumulative 0, interval 0
AddFile(Keys): cumulative 0, interval 0
Cumulative compaction: 0.00 GB write, 0.25 MB/s write, 0.00 GB read, 0.00 MB/s read, 0.0 seconds
Interval compaction: 0.00 GB write, 0.00 MB/s write, 0.00 GB read, 0.00 MB/s read, 0.0 seconds
Stalls(count): 0 level0_slowdown, 0 level0_slowdown_with_compaction, 0 level0_numfiles, 0 level0_numfiles_with_compaction, 0 stop for pending_compaction_bytes, 0 slowdown for pending_compaction_bytes, 0 memtable_compaction, 0 memtable_slowdown, interval 0 total count

** File Read Latency Histogram By Level [default] **
2022/04/08-21:37:43.993394 7fb8aca5d700 [db/db_impl.cc:776] ------- DUMPING STATS -------
2022/04/08-21:37:43.993467 7fb8aca5d700 [db/db_impl.cc:777] 
** DB Stats **
Uptime(secs): 600.0 total, 600.0 interval
Cumulative writes: 0 writes, 0 keys, 0 commit groups, 0.0 writes per commit group, ingest: 0.00 GB, 0.00 MB/s
Cumulative WAL: 0 writes, 0 syncs, 0.00 writes per sync, written: 0.00 GB, 0.00 MB/s
Cumulative stall: 00:00:0.000 H:M:S, 0.0 percent
Interval writes: 0 writes, 0 keys, 0 commit groups, 0.0 writes per commit group, ingest: 0.00 MB, 0.00 MB/s
Interval WAL: 0 writes, 0 syncs, 0.00 writes per sync, written: 0.00 MB, 0.00 MB/s
Interval stall: 00:00:0.000 H:M:S, 0.0 percent

** Compaction Stats [default] **
Level    Files   Size     Score Read(GB)  Rn(GB) Rnp1(GB) Write(GB) Wnew(GB) Moved(GB) W-Amp Rd(MB/s) Wr(MB/s) Comp(sec) CompMergeCPU(sec) Comp(cnt) Avg(sec) KeyIn KeyDrop
----------------------------------------------------------------------------------------------------------------------------------------------------------------------------
  L0      3/0   109.86 KB   0.8      0.0     0.0      0.0       0.0      0.0       0.0   1.0      0.0      4.0      0.00              0.00         1    0.002       0      0
 Sum      3/0   109.86 KB   0.0      0.0     0.0      0.0       0.0      0.0       0.0   1.0      0.0      4.0      0.00              0.00         1    0.002       0      0
 Int      0/0    0.00 KB   0.0      0.0     0.0      0.0       0.0      0.0       0.0   0.0      0.0      0.0      0.00              0.00         0    0.000       0      0
Uptime(secs): 600.0 total, 600.0 interval
Flush(GB): cumulative 0.000, interval 0.000
AddFile(GB): cumulative 0.000, interval 0.000
AddFile(Total Files): cumulative 0, interval 0
AddFile(L0 Files): cumulative 0, interval 0
AddFile(Keys): cumulative 0, interval 0
Cumulative compaction: 0.00 GB write, 0.00 MB/s write, 0.00 GB read, 0.00 MB/s read, 0.0 seconds
Interval compaction: 0.00 GB write, 0.00 MB/s write, 0.00 GB read, 0.00 MB/s read, 0.0 seconds
Stalls(count): 0 level0_slowdown, 0 level0_slowdown_with_compaction, 0 level0_numfiles, 0 level0_numfiles_with_compaction, 0 stop for pending_compaction_bytes, 0 slowdown for pending_compaction_bytes, 0 memtable_compaction, 0 memtable_slowdown, interval 0 total count

** File Read Latency Histogram By Level [default] **

** Compaction Stats [default] **
Level    Files   Size     Score Read(GB)  Rn(GB) Rnp1(GB) Write(GB) Wnew(GB) Moved(GB) W-Amp Rd(MB/s) Wr(MB/s) Comp(sec) CompMergeCPU(sec) Comp(cnt) Avg(sec) KeyIn KeyDrop
----------------------------------------------------------------------------------------------------------------------------------------------------------------------------
  L0      3/0   109.86 KB   0.8      0.0     0.0      0.0       0.0      0.0       0.0   1.0      0.0      4.0      0.00              0.00         1    0.002       0      0
 Sum      3/0   109.86 KB   0.0      0.0     0.0      0.0       0.0      0.0       0.0   1.0      0.0      4.0      0.00              0.00         1    0.002       0      0
 Int      0/0    0.00 KB   0.0      0.0     0.0      0.0       0.0      0.0       0.0   0.0      0.0      0.0      0.00              0.00         0    0.000       0      0
Uptime(secs): 600.0 total, 0.0 interval
Flush(GB): cumulative 0.000, interval 0.000
AddFile(GB): cumulative 0.000, interval 0.000
AddFile(Total Files): cumulative 0, interval 0
AddFile(L0 Files): cumulative 0, interval 0
AddFile(Keys): cumulative 0, interval 0
Cumulative compaction: 0.00 GB write, 0.00 MB/s write, 0.00 GB read, 0.00 MB/s read, 0.0 seconds
Interval compaction: 0.00 GB write, 0.00 MB/s write, 0.00 GB read, 0.00 MB/s read, 0.0 seconds
Stalls(count): 0 level0_slowdown, 0 level0_slowdown_with_compaction, 0 level0_numfiles, 0 level0_numfiles_with_compaction, 0 stop for pending_compaction_bytes, 0 slowdown for pending_compaction_bytes, 0 memtable_compaction, 0 memtable_slowdown, interval 0 total count

** File Read Latency Histogram By Level [default] **
2022/04/08-21:47:43.993797 7fb8aca5d700 [db/db_impl.cc:776] ------- DUMPING STATS -------
