2022/04/08-21:27:43.963004 33b6f40 RocksDB version: 6.0.2
2022/04/08-21:27:43.963105 33b6f40 Git sha rocksdb_build_git_sha:@0@
2022/04/08-21:27:43.963111 33b6f40 Compile date Feb  1 2021
2022/04/08-21:27:43.963121 33b6f40 DB SUMMARY
2022/04/08-21:27:43.963199 33b6f40 CURRENT file:  CURRENT
2022/04/08-21:27:43.963204 33b6f40 IDENTITY file:  IDENTITY
2022/04/08-21:27:43.963220 33b6f40 MANIFEST file:  MANIFEST-000011 size: 326 Bytes
2022/04/08-21:27:43.963226 33b6f40 SST files in data//group1/block/RocksDB dir, Total Num: 2, files: 000004.sst 000007.sst 
2022/04/08-21:27:43.963230 33b6f40 Write Ahead Log file in data//group1/block/RocksDB: 000012.log size: 19386 ; 
2022/04/08-21:27:43.963236 33b6f40                         Options.error_if_exists: 0
2022/04/08-21:27:43.963240 33b6f40                       Options.create_if_missing: 1
2022/04/08-21:27:43.963244 33b6f40                         Options.paranoid_checks: 1
2022/04/08-21:27:43.963248 33b6f40                                     Options.env: 0x225a440
2022/04/08-21:27:43.963252 33b6f40                                Options.info_log: 0x3e25c20
2022/04/08-21:27:43.963256 33b6f40                Options.max_file_opening_threads: 16
2022/04/08-21:27:43.963259 33b6f40                              Options.statistics: (nil)
2022/04/08-21:27:43.963263 33b6f40                               Options.use_fsync: 0
2022/04/08-21:27:43.963267 33b6f40                       Options.max_log_file_size: 0
2022/04/08-21:27:43.963271 33b6f40                  Options.max_manifest_file_size: 1073741824
2022/04/08-21:27:43.963275 33b6f40                   Options.log_file_time_to_roll: 0
2022/04/08-21:27:43.963279 33b6f40                       Options.keep_log_file_num: 1000
2022/04/08-21:27:43.963282 33b6f40                    Options.recycle_log_file_num: 0
2022/04/08-21:27:43.963286 33b6f40                         Options.allow_fallocate: 1
2022/04/08-21:27:43.963290 33b6f40                        Options.allow_mmap_reads: 0
2022/04/08-21:27:43.963293 33b6f40                       Options.allow_mmap_writes: 0
2022/04/08-21:27:43.963297 33b6f40                        Options.use_direct_reads: 0
2022/04/08-21:27:43.963300 33b6f40                        Options.use_direct_io_for_flush_and_compaction: 0
2022/04/08-21:27:43.963304 33b6f40          Options.create_missing_column_families: 0
2022/04/08-21:27:43.963307 33b6f40                              Options.db_log_dir: 
2022/04/08-21:27:43.963311 33b6f40                                 Options.wal_dir: data//group1/block/RocksDB
2022/04/08-21:27:43.963314 33b6f40                Options.table_cache_numshardbits: 6
2022/04/08-21:27:43.963318 33b6f40                      Options.max_subcompactions: 1
2022/04/08-21:27:43.963322 33b6f40                  Options.max_background_flushes: -1
2022/04/08-21:27:43.963325 33b6f40                         Options.WAL_ttl_seconds: 0
2022/04/08-21:27:43.963329 33b6f40                       Options.WAL_size_limit_MB: 0
2022/04/08-21:27:43.963332 33b6f40             Options.manifest_preallocation_size: 4194304
2022/04/08-21:27:43.963336 33b6f40                     Options.is_fd_close_on_exec: 1
2022/04/08-21:27:43.963340 33b6f40                   Options.advise_random_on_open: 1
2022/04/08-21:27:43.963344 33b6f40                    Options.db_write_buffer_size: 0
2022/04/08-21:27:43.963347 33b6f40                    Options.write_buffer_manager: 0x3e38d80
2022/04/08-21:27:43.963351 33b6f40         Options.access_hint_on_compaction_start: 1
2022/04/08-21:27:43.963355 33b6f40  Options.new_table_reader_for_compaction_inputs: 0
2022/04/08-21:27:43.963358 33b6f40           Options.random_access_max_buffer_size: 1048576
2022/04/08-21:27:43.963362 33b6f40                      Options.use_adaptive_mutex: 0
2022/04/08-21:27:43.963365 33b6f40                            Options.rate_limiter: (nil)
2022/04/08-21:27:43.963369 33b6f40     Options.sst_file_manager.rate_bytes_per_sec: 0
2022/04/08-21:27:43.963373 33b6f40                       Options.wal_recovery_mode: 2
2022/04/08-21:27:43.963376 33b6f40                  Options.enable_thread_tracking: 0
2022/04/08-21:27:43.963380 33b6f40                  Options.enable_pipelined_write: 0
2022/04/08-21:27:43.963401 33b6f40         Options.allow_concurrent_memtable_write: 1
2022/04/08-21:27:43.963405 33b6f40      Options.enable_write_thread_adaptive_yield: 1
2022/04/08-21:27:43.963409 33b6f40             Options.write_thread_max_yield_usec: 100
2022/04/08-21:27:43.963412 33b6f40            Options.write_thread_slow_yield_usec: 3
2022/04/08-21:27:43.963416 33b6f40                               Options.row_cache: None
2022/04/08-21:27:43.963420 33b6f40                              Options.wal_filter: None
2022/04/08-21:27:43.963423 33b6f40             Options.avoid_flush_during_recovery: 0
2022/04/08-21:27:43.963427 33b6f40             Options.allow_ingest_behind: 0
2022/04/08-21:27:43.963431 33b6f40             Options.preserve_deletes: 0
2022/04/08-21:27:43.963434 33b6f40             Options.two_write_queues: 0
2022/04/08-21:27:43.963438 33b6f40             Options.manual_wal_flush: 0
2022/04/08-21:27:43.963442 33b6f40             Options.max_background_jobs: 2
2022/04/08-21:27:43.963445 33b6f40             Options.max_background_compactions: -1
2022/04/08-21:27:43.963449 33b6f40             Options.avoid_flush_during_shutdown: 0
2022/04/08-21:27:43.963453 33b6f40           Options.writable_file_max_buffer_size: 1048576
2022/04/08-21:27:43.963457 33b6f40             Options.delayed_write_rate : 16777216
2022/04/08-21:27:43.963461 33b6f40             Options.max_total_wal_size: 0
2022/04/08-21:27:43.963464 33b6f40             Options.delete_obsolete_files_period_micros: 21600000000
2022/04/08-21:27:43.963468 33b6f40                   Options.stats_dump_period_sec: 600
2022/04/08-21:27:43.963472 33b6f40                 Options.stats_persist_period_sec: 600
2022/04/08-21:27:43.963476 33b6f40                 Options.stats_history_buffer_size: 1048576
2022/04/08-21:27:43.963480 33b6f40                          Options.max_open_files: 200
2022/04/08-21:27:43.963484 33b6f40                          Options.bytes_per_sync: 0
2022/04/08-21:27:43.963488 33b6f40                      Options.wal_bytes_per_sync: 0
2022/04/08-21:27:43.963491 33b6f40       Options.compaction_readahead_size: 0
2022/04/08-21:27:43.963495 33b6f40 Compression algorithms supported:
2022/04/08-21:27:43.963499 33b6f40 	kZSTDNotFinalCompression supported: 0
2022/04/08-21:27:43.963503 33b6f40 	kZSTD supported: 0
2022/04/08-21:27:43.963507 33b6f40 	kXpressCompression supported: 0
2022/04/08-21:27:43.963511 33b6f40 	kLZ4HCCompression supported: 0
2022/04/08-21:27:43.963515 33b6f40 	kLZ4Compression supported: 0
2022/04/08-21:27:43.963519 33b6f40 	kBZip2Compression supported: 0
2022/04/08-21:27:43.963523 33b6f40 	kZlibCompression supported: 0
2022/04/08-21:27:43.963527 33b6f40 	kSnappyCompression supported: 1
2022/04/08-21:27:43.963532 33b6f40 Fast CRC32 supported: Supported on x86
2022/04/08-21:27:43.963992 33b6f40 [db/version_set.cc:3517] Recovering from manifest file: MANIFEST-000011
2022/04/08-21:27:43.964245 33b6f40 [db/column_family.cc:470] --------------- Options for column family [default]:
2022/04/08-21:27:43.964252 33b6f40               Options.comparator: leveldb.BytewiseComparator
2022/04/08-21:27:43.964257 33b6f40           Options.merge_operator: None
2022/04/08-21:27:43.964260 33b6f40        Options.compaction_filter: None
2022/04/08-21:27:43.964264 33b6f40        Options.compaction_filter_factory: None
2022/04/08-21:27:43.964267 33b6f40         Options.memtable_factory: SkipListFactory
2022/04/08-21:27:43.964272 33b6f40            Options.table_factory: BlockBasedTable
2022/04/08-21:27:43.964335 33b6f40            table_factory options:   flush_block_policy_factory: FlushBlockBySizePolicyFactory (0x3bfa5f0)
  cache_index_and_filter_blocks: 0
  cache_index_and_filter_blocks_with_high_priority: 0
  pin_l0_filter_and_index_blocks_in_cache: 0
  pin_top_level_index_and_filter: 1
  index_type: 0
  hash_index_allow_collision: 1
  checksum: 1
  no_block_cache: 0
  block_cache: 0x3c52c90
  block_cache_name: LRUCache
  block_cache_options:
    capacity : 8388608
    num_shard_bits : 4
    strict_capacity_limit : 0
    memory_allocator : None
    high_pri_pool_ratio: 0.000
  block_cache_compressed: (nil)
  persistent_cache: (nil)
  block_size: 4096
  block_size_deviation: 10
  block_restart_interval: 16
  index_block_restart_interval: 1
  metadata_block_size: 4096
  partition_filters: 0
  use_delta_encoding: 1
  filter_policy: nullptr
  whole_key_filtering: 1
  verify_compression: 0
  read_amp_bytes_per_bit: 0
  format_version: 2
  enable_index_compression: 1
  block_align: 0
2022/04/08-21:27:43.964416 33b6f40        Options.write_buffer_size: 67108864
2022/04/08-21:27:43.964420 33b6f40  Options.max_write_buffer_number: 2
2022/04/08-21:27:43.964424 33b6f40          Options.compression: Snappy
2022/04/08-21:27:43.964427 33b6f40                  Options.bottommost_compression: Disabled
2022/04/08-21:27:43.964431 33b6f40       Options.prefix_extractor: nullptr
2022/04/08-21:27:43.964434 33b6f40   Options.memtable_insert_with_hint_prefix_extractor: nullptr
2022/04/08-21:27:43.964438 33b6f40             Options.num_levels: 7
2022/04/08-21:27:43.964441 33b6f40        Options.min_write_buffer_number_to_merge: 1
2022/04/08-21:27:43.964445 33b6f40     Options.max_write_buffer_number_to_maintain: 0
2022/04/08-21:27:43.964448 33b6f40            Options.bottommost_compression_opts.window_bits: -14
2022/04/08-21:27:43.964452 33b6f40                  Options.bottommost_compression_opts.level: 32767
2022/04/08-21:27:43.964456 33b6f40               Options.bottommost_compression_opts.strategy: 0
2022/04/08-21:27:43.964459 33b6f40         Options.bottommost_compression_opts.max_dict_bytes: 0
2022/04/08-21:27:43.964463 33b6f40         Options.bottommost_compression_opts.zstd_max_train_bytes: 0
2022/04/08-21:27:43.964467 33b6f40                  Options.bottommost_compression_opts.enabled: false
2022/04/08-21:27:43.964471 33b6f40            Options.compression_opts.window_bits: -14
2022/04/08-21:27:43.964474 33b6f40                  Options.compression_opts.level: 32767
2022/04/08-21:27:43.964478 33b6f40               Options.compression_opts.strategy: 0
2022/04/08-21:27:43.964481 33b6f40         Options.compression_opts.max_dict_bytes: 0
2022/04/08-21:27:43.964485 33b6f40         Options.compression_opts.zstd_max_train_bytes: 0
2022/04/08-21:27:43.964488 33b6f40                  Options.compression_opts.enabled: false
2022/04/08-21:27:43.964492 33b6f40      Options.level0_file_num_compaction_trigger: 4
2022/04/08-21:27:43.964495 33b6f40          Options.level0_slowdown_writes_trigger: 20
2022/04/08-21:27:43.964499 33b6f40              Options.level0_stop_writes_trigger: 36
2022/04/08-21:27:43.964502 33b6f40                   Options.target_file_size_base: 67108864
2022/04/08-21:27:43.964506 33b6f40             Options.target_file_size_multiplier: 1
2022/04/08-21:27:43.964509 33b6f40                Options.max_bytes_for_level_base: 268435456
2022/04/08-21:27:43.964513 33b6f40 Options.level_compaction_dynamic_level_bytes: 0
2022/04/08-21:27:43.964516 33b6f40          Options.max_bytes_for_level_multiplier: 10.000000
2022/04/08-21:27:43.964521 33b6f40 Options.max_bytes_for_level_multiplier_addtl[0]: 1
2022/04/08-21:27:43.964525 33b6f40 Options.max_bytes_for_level_multiplier_addtl[1]: 1
2022/04/08-21:27:43.964528 33b6f40 Options.max_bytes_for_level_multiplier_addtl[2]: 1
2022/04/08-21:27:43.964532 33b6f40 Options.max_bytes_for_level_multiplier_addtl[3]: 1
2022/04/08-21:27:43.964535 33b6f40 Options.max_bytes_for_level_multiplier_addtl[4]: 1
2022/04/08-21:27:43.964539 33b6f40 Options.max_bytes_for_level_multiplier_addtl[5]: 1
2022/04/08-21:27:43.964543 33b6f40 Options.max_bytes_for_level_multiplier_addtl[6]: 1
2022/04/08-21:27:43.964547 33b6f40       Options.max_sequential_skip_in_iterations: 8
2022/04/08-21:27:43.964550 33b6f40                    Options.max_compaction_bytes: 1677721600
2022/04/08-21:27:43.964554 33b6f40                        Options.arena_block_size: 8388608
2022/04/08-21:27:43.964558 33b6f40   Options.soft_pending_compaction_bytes_limit: 68719476736
2022/04/08-21:27:43.964561 33b6f40   Options.hard_pending_compaction_bytes_limit: 274877906944
2022/04/08-21:27:43.964577 33b6f40       Options.rate_limit_delay_max_milliseconds: 100
2022/04/08-21:27:43.964580 33b6f40                Options.disable_auto_compactions: 0
2022/04/08-21:27:43.964585 33b6f40                        Options.compaction_style: kCompactionStyleLevel
2022/04/08-21:27:43.964589 33b6f40                          Options.compaction_pri: kMinOverlappingRatio
2022/04/08-21:27:43.964593 33b6f40 Options.compaction_options_universal.size_ratio: 1
2022/04/08-21:27:43.964597 33b6f40 Options.compaction_options_universal.min_merge_width: 2
2022/04/08-21:27:43.964601 33b6f40 Options.compaction_options_universal.max_merge_width: 4294967295
2022/04/08-21:27:43.964605 33b6f40 Options.compaction_options_universal.max_size_amplification_percent: 200
2022/04/08-21:27:43.964608 33b6f40 Options.compaction_options_universal.compression_size_percent: -1
2022/04/08-21:27:43.964613 33b6f40 Options.compaction_options_universal.stop_style: kCompactionStopStyleTotalSize
2022/04/08-21:27:43.964616 33b6f40 Options.compaction_options_fifo.max_table_files_size: 1073741824
2022/04/08-21:27:43.964620 33b6f40 Options.compaction_options_fifo.allow_compaction: 0
2022/04/08-21:27:43.964624 33b6f40                   Options.table_properties_collectors: 
2022/04/08-21:27:43.964627 33b6f40                   Options.inplace_update_support: 0
2022/04/08-21:27:43.964631 33b6f40                 Options.inplace_update_num_locks: 10000
2022/04/08-21:27:43.964635 33b6f40               Options.memtable_prefix_bloom_size_ratio: 0.000000
2022/04/08-21:27:43.964639 33b6f40               Options.memtable_whole_key_filtering: 0
2022/04/08-21:27:43.964642 33b6f40   Options.memtable_huge_page_size: 0
2022/04/08-21:27:43.964646 33b6f40                           Options.bloom_locality: 0
2022/04/08-21:27:43.964649 33b6f40                    Options.max_successive_merges: 0
2022/04/08-21:27:43.964653 33b6f40                Options.optimize_filters_for_hits: 0
2022/04/08-21:27:43.964657 33b6f40                Options.paranoid_file_checks: 0
2022/04/08-21:27:43.964661 33b6f40                Options.force_consistency_checks: 0
2022/04/08-21:27:43.964664 33b6f40                Options.report_bg_io_stats: 0
2022/04/08-21:27:43.964668 33b6f40                               Options.ttl: 0
2022/04/08-21:27:43.974466 33b6f40 [db/version_set.cc:3731] Recovered from manifest file:data//group1/block/RocksDB/MANIFEST-000011 succeeded,manifest_file_number is 11, next_file_number is 13, last_sequence is 438, log_number is 0,prev_log_number is 0,max_column_family is 0,min_log_number_to_keep is 0
2022/04/08-21:27:43.974477 33b6f40 [db/version_set.cc:3739] Column family [default] (ID 0), log number is 10
2022/04/08-21:27:43.974570 33b6f40 EVENT_LOG_v1 {"time_micros": 1649424463974566, "job": 1, "event": "recovery_started", "log_files": [12]}
2022/04/08-21:27:43.974577 33b6f40 [db/db_impl_open.cc:583] Recovering log #12 mode 2
2022/04/08-21:27:43.977902 33b6f40 EVENT_LOG_v1 {"time_micros": 1649424463977889, "cf_name": "default", "job": 1, "event": "table_file_creation", "file_number": 13, "file_size": 7547, "table_properties": {"data_size": 6821, "index_size": 141, "filter_size": 0, "raw_key_size": 1053, "raw_average_key_size": 65, "raw_value_size": 17331, "raw_average_value_size": 1083, "num_data_blocks": 4, "num_entries": 16, "filter_policy_name": ""}}
2022/04/08-21:27:43.977959 33b6f40 [db/version_set.cc:3034] Creating manifest 14
2022/04/08-21:27:43.980531 33b6f40 EVENT_LOG_v1 {"time_micros": 1649424463980527, "job": 1, "event": "recovery_finished"}
2022/04/08-21:27:43.991229 33b6f40 DB pointer 0x3e01200
2022/04/08-21:27:43.994132 7efd68375700 [db/db_impl.cc:776] ------- DUMPING STATS -------
2022/04/08-21:27:43.994203 7efd68375700 [db/db_impl.cc:777] 
** DB Stats **
Uptime(secs): 0.0 total, 0.0 interval
Cumulative writes: 0 writes, 0 keys, 0 commit groups, 0.0 writes per commit group, ingest: 0.00 GB, 0.00 MB/s
Cumulative WAL: 0 writes, 0 syncs, 0.00 writes per sync, written: 0.00 GB, 0.00 MB/s
Cumulative stall: 00:00:0.000 H:M:S, 0.0 percent
Interval writes: 0 writes, 0 keys, 0 commit groups, 0.0 writes per commit group, ingest: 0.00 MB, 0.00 MB/s
Interval WAL: 0 writes, 0 syncs, 0.00 writes per sync, written: 0.00 MB, 0.00 MB/s
Interval stall: 00:00:0.000 H:M:S, 0.0 percent

** Compaction Stats [default] **
Level    Files   Size     Score Read(GB)  Rn(GB) Rnp1(GB) Write(GB) Wnew(GB) Moved(GB) W-Amp Rd(MB/s) Wr(MB/s) Comp(sec) CompMergeCPU(sec) Comp(cnt) Avg(sec) KeyIn KeyDrop
----------------------------------------------------------------------------------------------------------------------------------------------------------------------------
  L0      3/0   109.86 KB   0.8      0.0     0.0      0.0       0.0      0.0       0.0   1.0      0.0      2.5      0.00              0.00         1    0.003       0      0
 Sum      3/0   109.86 KB   0.0      0.0     0.0      0.0       0.0      0.0       0.0   1.0      0.0      2.5      0.00              0.00         1    0.003       0      0
 Int      0/0    0.00 KB   0.0      0.0     0.0      0.0       0.0      0.0       0.0   1.0      0.0      2.5      0.00              0.00         1    0.003       0      0
Uptime(secs): 0.0 total, 0.0 interval
Flush(GB): cumulative 0.000, interval 0.000
AddFile(GB): cumulative 0.000, interval 0.000
AddFile(Total Files): cumulative 0, interval 0
AddFile(L0 Files): cumulative 0, interval 0
AddFile(Keys): cumulative 0, interval 0
Cumulative compaction: 0.00 GB write, 0.24 MB/s write, 0.00 GB read, 0.00 MB/s read, 0.0 seconds
Interval compaction: 0.00 GB write, 0.24 MB/s write, 0.00 GB read, 0.00 MB/s read, 0.0 seconds
Stalls(count): 0 level0_slowdown, 0 level0_slowdown_with_compaction, 0 level0_numfiles, 0 level0_numfiles_with_compaction, 0 stop for pending_compaction_bytes, 0 slowdown for pending_compaction_bytes, 0 memtable_compaction, 0 memtable_slowdown, interval 0 total count

** File Read Latency Histogram By Level [default] **

** Compaction Stats [default] **
Level    Files   Size     Score Read(GB)  Rn(GB) Rnp1(GB) Write(GB) Wnew(GB) Moved(GB) W-Amp Rd(MB/s) Wr(MB/s) Comp(sec) CompMergeCPU(sec) Comp(cnt) Avg(sec) KeyIn KeyDrop
----------------------------------------------------------------------------------------------------------------------------------------------------------------------------
  L0      3/0   109.86 KB   0.8      0.0     0.0      0.0       0.0      0.0       0.0   1.0      0.0      2.5      0.00              0.00         1    0.003       0      0
 Sum      3/0   109.86 KB   0.0      0.0     0.0      0.0       0.0      0.0       0.0   1.0      0.0      2.5      0.00              0.00         1    0.003       0      0
 Int      0/0    0.00 KB   0.0      0.0     0.0      0.0       0.0      0.0       0.0   0.0      0.0      0.0      0.00              0.00         0    0.000       0      0
Uptime(secs): 0.0 total, 0.0 interval
Flush(GB): cumulative 0.000, interval 0.000
AddFile(GB): cumulative 0.000, interval 0.000
AddFile(Total Files): cumulative 0, interval 0
AddFile(L0 Files): cumulative 0, interval 0
AddFile(Keys): cumulative 0, interval 0
Cumulative compaction: 0.00 GB write, 0.24 MB/s write, 0.00 GB read, 0.00 MB/s read, 0.0 seconds
Interval compaction: 0.00 GB write, 0.00 MB/s write, 0.00 GB read, 0.00 MB/s read, 0.0 seconds
Stalls(count): 0 level0_slowdown, 0 level0_slowdown_with_compaction, 0 level0_numfiles, 0 level0_numfiles_with_compaction, 0 stop for pending_compaction_bytes, 0 slowdown for pending_compaction_bytes, 0 memtable_compaction, 0 memtable_slowdown, interval 0 total count

** File Read Latency Histogram By Level [default] **
2022/04/08-21:37:43.994585 7efd68375700 [db/db_impl.cc:776] ------- DUMPING STATS -------
2022/04/08-21:37:43.994686 7efd68375700 [db/db_impl.cc:777] 
** DB Stats **
Uptime(secs): 600.0 total, 600.0 interval
Cumulative writes: 0 writes, 0 keys, 0 commit groups, 0.0 writes per commit group, ingest: 0.00 GB, 0.00 MB/s
Cumulative WAL: 0 writes, 0 syncs, 0.00 writes per sync, written: 0.00 GB, 0.00 MB/s
Cumulative stall: 00:00:0.000 H:M:S, 0.0 percent
Interval writes: 0 writes, 0 keys, 0 commit groups, 0.0 writes per commit group, ingest: 0.00 MB, 0.00 MB/s
Interval WAL: 0 writes, 0 syncs, 0.00 writes per sync, written: 0.00 MB, 0.00 MB/s
Interval stall: 00:00:0.000 H:M:S, 0.0 percent

** Compaction Stats [default] **
Level    Files   Size     Score Read(GB)  Rn(GB) Rnp1(GB) Write(GB) Wnew(GB) Moved(GB) W-Amp Rd(MB/s) Wr(MB/s) Comp(sec) CompMergeCPU(sec) Comp(cnt) Avg(sec) KeyIn KeyDrop
----------------------------------------------------------------------------------------------------------------------------------------------------------------------------
  L0      3/0   109.86 KB   0.8      0.0     0.0      0.0       0.0      0.0       0.0   1.0      0.0      2.5      0.00              0.00         1    0.003       0      0
 Sum      3/0   109.86 KB   0.0      0.0     0.0      0.0       0.0      0.0       0.0   1.0      0.0      2.5      0.00              0.00         1    0.003       0      0
 Int      0/0    0.00 KB   0.0      0.0     0.0      0.0       0.0      0.0       0.0   0.0      0.0      0.0      0.00              0.00         0    0.000       0      0
Uptime(secs): 600.0 total, 600.0 interval
Flush(GB): cumulative 0.000, interval 0.000
AddFile(GB): cumulative 0.000, interval 0.000
AddFile(Total Files): cumulative 0, interval 0
AddFile(L0 Files): cumulative 0, interval 0
AddFile(Keys): cumulative 0, interval 0
Cumulative compaction: 0.00 GB write, 0.00 MB/s write, 0.00 GB read, 0.00 MB/s read, 0.0 seconds
Interval compaction: 0.00 GB write, 0.00 MB/s write, 0.00 GB read, 0.00 MB/s read, 0.0 seconds
Stalls(count): 0 level0_slowdown, 0 level0_slowdown_with_compaction, 0 level0_numfiles, 0 level0_numfiles_with_compaction, 0 stop for pending_compaction_bytes, 0 slowdown for pending_compaction_bytes, 0 memtable_compaction, 0 memtable_slowdown, interval 0 total count

** File Read Latency Histogram By Level [default] **

** Compaction Stats [default] **
Level    Files   Size     Score Read(GB)  Rn(GB) Rnp1(GB) Write(GB) Wnew(GB) Moved(GB) W-Amp Rd(MB/s) Wr(MB/s) Comp(sec) CompMergeCPU(sec) Comp(cnt) Avg(sec) KeyIn KeyDrop
----------------------------------------------------------------------------------------------------------------------------------------------------------------------------
  L0      3/0   109.86 KB   0.8      0.0     0.0      0.0       0.0      0.0       0.0   1.0      0.0      2.5      0.00              0.00         1    0.003       0      0
 Sum      3/0   109.86 KB   0.0      0.0     0.0      0.0       0.0      0.0       0.0   1.0      0.0      2.5      0.00              0.00         1    0.003       0      0
 Int      0/0    0.00 KB   0.0      0.0     0.0      0.0       0.0      0.0       0.0   0.0      0.0      0.0      0.00              0.00         0    0.000       0      0
Uptime(secs): 600.0 total, 0.0 interval
Flush(GB): cumulative 0.000, interval 0.000
AddFile(GB): cumulative 0.000, interval 0.000
AddFile(Total Files): cumulative 0, interval 0
AddFile(L0 Files): cumulative 0, interval 0
AddFile(Keys): cumulative 0, interval 0
Cumulative compaction: 0.00 GB write, 0.00 MB/s write, 0.00 GB read, 0.00 MB/s read, 0.0 seconds
Interval compaction: 0.00 GB write, 0.00 MB/s write, 0.00 GB read, 0.00 MB/s read, 0.0 seconds
Stalls(count): 0 level0_slowdown, 0 level0_slowdown_with_compaction, 0 level0_numfiles, 0 level0_numfiles_with_compaction, 0 stop for pending_compaction_bytes, 0 slowdown for pending_compaction_bytes, 0 memtable_compaction, 0 memtable_slowdown, interval 0 total count

** File Read Latency Histogram By Level [default] **
2022/04/08-21:47:43.994995 7efd68375700 [db/db_impl.cc:776] ------- DUMPING STATS -------
